2,717
2,073
1,971
1,776
1,670
1,614
1,588
1,483
1,483
1,476
1,450
1,449
1,440
1,417
1,389
1,380
1,358
1,354
1,352
1,296
1,283
1,260
1,251
1,250
1,247
1,240
1,227
1,205
1,200
1,191
1,181
1,168
1,166
1,166
1,163
1,136
1,135
1,132
1,128
1,122
1,112
1,112
1,105
1,105
1,094
1,093
1,089
1,087
1,083
1,083
1,076
1,076
1,076
1,072
1,072
1,058
1,056
1,053
1,049
1,047
1,046
1,042
1,040
1,020
1,018
1,017
1,017
1,017
1,016
1,014
1,013
1,010
1,007
1,005
1,004
1,004
1,004
1,004
1,002
1,002
1,001
997
995
994
993
992
992
990
989
987
984
984
984
979
978
978
977
975
975
972
971
964
964
961
961
959
952
948
948
947
945
945
941
938
938
937
936
935
935
934
932
929
928
927
924
922
921
919
919
919
919
916
915
915
913
912
911
908
906
902
901
897
896
896
896
895
889
886
886
886
886
884
883
883
883
882
881
878
876
876
876
874
873
871
871
869
869
869
869
869
869
869
869
867
866
866
865
859
859
859
859
859
858
856
856
856
856
856
856
854
853
853
853
853
853
853
853
853
853
853
853
850
850
850
850
848
847
846
846
844
844
844
843
842
841
841
840
840
840
840
837
837
837
837
833
833
830
830
828
827
827
824
824
823
820
820
820
820
820
820
820
820
820
820
820
820
820
820
819
819
817
817
817
817
817
817
817
817
814
814
813
810
810
810
809
808
808
807
806
806
806
805
804
804
804
804
804
804
804
801
801
801
800
799
797
797
797
797
797
797
797
797
796
795
795
794
792
792
792
791
791
791
