8,848
4,017
3,922
610
2,386
2,340
3,357
3,092
4,608
2,984
2,155
1,701
1,523
2,897
700
355
2,437
715
1,633
2,525
1,020
319
1,765
2,457
3,139
590
3,118
1,690
2,818
4,106
2,825
2,396
2,160
1,036
3,910
430
2,788
2,304
1,624
469
3,585
340
1,240
980
2,995
3,642
703
2,735
1,085
520
1,650
840
1,803
1,450
3,402
850
2,024
890
645
1,313
1,702
1,298
2,193
563
4,148
1,978
2,352
640
980
780
1,152
2,277
1,040
1,493
700
1,438
600
520
1,000
1,957
1,168
217
500
432
1,979
2,077
1,240
1,300
1,200
650
1,919
2,942
520
1,891
620
1,962
1,340
1,710
730
485
1,325
570
1,151
635
840
615
1,525
880
775
712
1,757
515
2,160
650
1,200
790
730
