191
265
193
842
972
857
576
71
177
31
744
532
282
62
71
742
801
440
403
130
688
358
598
140
913
261
272
481
142
549
546
968
84
547
371
411
251
284
261
167
804
798
137
467
436
919
653
163
315
885
496
140
798
569
320
680
419
682
462
276
581
377
117
568
104
224
157
768
299
750
103
722
858
655
550
548
642
243
561
619
329
825
132
151
575
518
299
941
561
160
800
80
429
890
562
612
906
729
931
661
674
405
430
371
376
523
423
281
973
370
565
179
569
841
148
954
590
24
487
718
818
869
624
231
687
738
208
771
699
217
68
333
844
603
47
940
417
400
959
12
116
874
495
68
118
58
509
804
415
439
705
159
252
755
376
534
337
596
332
38
636
413
653
54
193
256
874
667
999
82
22
557
640
723
59
803
954
360
458
34
999
399
829
77
663
36
302
230
794
438
965
567
717
249
80
830
466
904
645
842
708
430
49
40
579
604
376
484
245
981
77
260
884
306
449
429
935
530
750
734
921
127
67
637
774
977
418
599
847
839
874
446
774
31
816
184
676
846
761
22
649
6
339
330
29
746
515
985
644
917
30
595
219
632
822
505
360
108
491
705
470
891
37
183
582
471
932
294
527
372
192
807
169
199
766
98
765
916
60
904
603
953
446
166
130
871
248
90
67
395
546
341
744
768
375
468
714
525
779
884
709
951
999
771
382
119
278
19
453
398
974
818
991
425
77
754
798
245
563
114
710
491
963
245
481
987
95
296
220
858
383
323
745
94
244
205
303
266
202
30
36
732
907
744
301
750
423
50
941
92
329
76
105
325
737
221
792
522
450
173
256
594
547
931
973
58
329
959
701
402
440
764
644
193
248
513
388
574
828
233
541
731
942
349
8
539
543
598
172
507
80
495
818
205
384
158
724
789
65
397
557
441
567
527
929
97
267
167
173
140
658
822
880
799
989
12
835
312
812
96
49
562
153
592
183
327
659
882
245
728
647
69
864
279
85
306
274
19
518
871
732
694
358
102
755
165
896
0
922
951
326
466
633
722
143
347
579
704
449
573
461
851
395
888
88
218
343
347
898
867
304
803
694
823
498
156
656
862
490
54
21
491
756
222
700
239
358
335
851
486
143
918
961
432
158
638
489
632
970
844
840
309
104
526
710
633
84
997
359
759
950
341
847
555
639
178
787
943
975
193
96
245
897
685
699
730
950
482
34
538
656
963
503
201
587
909
17
853
683
952
311
445
664
150
849
583
502
516
759
255
362
918
688
545
489
467
902
278
899
809
880
349
589
958
600
650
690
570
804
984
561
420
570
272
410
725
325
821
113
565
329
573
502
68
14
937
683
896
579
321
513
558
231
982
971
54
745
452
336
290
773
244
16
68
63
519
637
846
624
200
617
519
125
726
445
644
359
524
954
365
410
953
758
391
377
520
732
383
557
259
374
391
876
608
770
968
103
115
963
720
833
189
908
980
33
890
559
738
940
37
560
177
147
810
298
967
489
702
308
63
592
405
111
500
304
308
365
481
566
670
779
258
14
943
917
143
454
980
333
232
271
807
659
863
550
102
324
201
699
510
691
60
516
847
852
786
18
30
40
659
741
481
728
667
641
547
806
783
457
713
855
433
70
179
160
542
629
233
504
459
168
978
359
825
207
656
370
348
691
309
312
901
313
99
388
745
860
621
656
231
450
9
261
171
406
2
355
975
655
315
933
164
275
749
953
852
324
468
640
844
922
267
289
454
430
763
169
690
740
347
949
420
540
475
828
220
308
569
331
153
536
964
132
51
347
829
83
286
766
867
198
985
562
914
577
183
19
139
52
818
589
232
376
594
908
279
265
868
65
162
305
630
888
992
980
803
349
900
230
138
225
953
945
621
821
259
958
541
61
963
209
241
402
441
492
27
887
705
920
289
595
330
163
420
139
409
733
317
827
779
863
821
28
570
831
938
559
369
507
111
751
485
687
569
81
891
885
159
767
316
3
293
584
815
604
212
71
406
823
705
895
363
49
230
522
430
196
217
96
436
625
696
249
988
926
867
61
920
310
25
903
198
5
205
709
854
206
746
686
501
607
349
986
477
467
713
710
131
605
923
647
431
267
341
27
264
906
200
660
909
23
585
626
519
577
919
404
317
514
895
511
967
916
470
494
413
685
975
821
420
798
607
258
144
452
586
520
206
32
790
855
999
720
421
673
527
464
99
732
958
435
860
237
179
440
430
807
172
777
194
421
489
455
189
837
640
349
604
300
409
159
591
33
55
572
841
341
431
460
696
94
137
133
687
472
288
76
317
446
438
52
520
659
430
573
679
943
657
177
998
231
802
644
522
29
833
56
576
175
594
286
338
596
916
92
607
246
717
574
808
904
637
387
747
569
377
748
216
80
906
901
930
10
167
735
400
227
802
397
96
803
602
294
55
288
5
413
44
896
545
416
97
113
949
732
847
777
545
70
151
719
97
282
738
623
780
595
155
211
222
680
430
901
212
598
400
479
435
196
483
37
916
190
414
256
463
676
230
83
284
170
359
227
360
831
206
605
306
364
23
162
798
983
97
928
394
863
364
898
337
534
467
568
465
111
265
726
826
979
273
381
949
659
762
696
702
342
569
430
691
152
541
438
193
206
270
852
830
955
579
653
751
57
433
19
490
787
450
700
697
530
513
105
169
83
916
784
298
618
822
744
497
111
675
558
717
780
79
741
358
362
650
963
945
405
148
358
759
916
325
249
26
416
389
222
382
85
494
662
361
654
774
940
468
889
688
363
221
802
888
385
132
651
656
400
336
553
48
549
103
344
631
958
746
442
804
326
362
195
364
424
939
644
141
287
44
945
266
713
936
759
795
421
142
561
986
865
854
912
329
578
261
277
413
685
155
826
448
246
269
778
752
322
461
317
742
234
891
51
908
479
222
130
183
395
338
707
432
907
270
500
339
319
948
432
997
403
107
604
375
112
928
631
834
378
584
160
516
786
431
944
957
421
757
589
232
27
30
264
615
434
485
658
177
913
303
853
226
13
501
920
644
672
107
813
680
483
308
505
345
553
15
944
478
405
33
960
669
894
740
214
743
289
114
414
876
860
205
478
533
920
557
989
751
41
230
129
713
8
155
487
515
593
305
811
63
816
998
290
425
5
858
586
403
563
83
201
19
207
304
632
314
269
497
358
41
760
277
275
702
101
607
54
664
683
638
184
551
545
607
724
173
825
155
693
451
659
545
350
562
949
208
927
33
856
818
310
389
115
147
479
622
992
478
392
426
56
905
340
748
154
325
845
492
891
116
353
438
412
320
334
715
137
302
834
205
993
463
139
553
318
350
11
134
572
262
904
596
23
527
153
572
665
338
436
822
369
377
944
6
955
229
613
222
777
427
50
948
45
502
659
94
786
961
669
111
755
384
857
280
524
177
678
335
832
187
553
823
983
297
453
859
943
99
559
838
601
774
476
806
590
912
699
601
830
434
961
573
253
754
506
627
645
194
776
537
968
543
363
327
672
832
137
955
82
62
458
573
674
0
426
201
596
527
471
778
16
962
983
48
153
217
956
558
992
498
411
632
59
569
782
209
363
938
356
913
640
41
832
840
672
884
260
83
437
920
309
75
915
289
622
177
753
374
117
155
70
627
725
820
873
667
18
356
918
135
215
608
75
544
501
191
802
511
891
418
910
697
37
194
170
591
456
991
648
841
24
465
838
519
151
529
310
944
177
326
96
729
655
745
433
722
244
798
603
945
639
94
176
768
712
392
666
408
119
202
190
791
982
157
865
959
256
38
244
961
291
791
731
279
551
606
478
957
672
603
401
103
938
34
15
249
700
844
861
468
178
216
449
41
293
206
146
794
961
632
274
847
21
441
802
658
490
621
74
948
992
12
154
959
869
613
483
293
550
388
220
537
719
722
98
961
127
920
185
65
473
851
250
80
294
667
305
246
47
587
242
367
625
588
557
681
974
231
140
596
477
445
366
176
996
396
758
698
468
276
494
509
757
254
716
661
767
53
617
779
694
264
10
511
796
767
241
811
158
672
25
949
200
950
495
749
179
180
101
542
565
282
140
881
488
510
69
996
678
160
23
572
276
154
789
673
577
878
77
351
951
584
235
700
164
857
998
242
938
973
264
679
665
376
456
874
675
226
595
523
912
897
571
200
549
971
188
11
691
43
499
725
127
490
485
38
635
337
749
8
151
549
885
810
848
36
247
711
983
28
571
927
95
119
349
655
997
528
108
978
996
103
588
537
391
996
36
915
788
717
635
131
54
317
181
118
320
128
92
727
260
769
791
545
609
150
714
276
558
361
192
208
775
181
281
778
959
501
962
488
443
117
280
241
542
127
524
529
65
385
332
662
762
915
665
194
565
775
374
504
119
352
996
66
237
54
486
753
897
725
406
689
429
342
573
770
387
583
680
140
232
866
243
763
789
911
728
433
115
917
504
954
103
937
94
160
328
64
56
476
748
579
973
599
289
938
702
507
532
148
135
547
445
762
956
876
563
902
200
160
921
62
291
58
927
93
730
544
232
73
480
631
305
646
368
995
727
696
728
136
77
998
167
426
614
168
130
125
227
3
341
736
893
346
967
920
378
498
96
208
141
63
989
218
465
891
916
530
199
641
317
767
834
675
911
678
802
813
264
277
216
836
332
859
140
13
92
662
991
268
912
6
634
628
712
319
114
726
451
629
786
975
476
85
233
683
190
893
1000
803
502
183
895
680
686
988
529
332
499
587
396
502
237
503
38
390
400
736
159
383
121
571
584
304
226
941
587
661
502
559
398
592
338
270
382
615
708
452
342
594
102
720
216
461
889
934
971
358
459
247
408
270
242
710
608
610
802
754
87
256
332
814
208
823
404
486
699
770
81
685
962
826
959
364
875
767
836
152
26
273
109
855
506
761
959
641
535
206
267
194
818
347
365
19
444
100
514
32
409
796
483
519
786
445
115
545
827
564
459
930
926
208
695
770
210
138
411
637
754
168
199
352
598
122
815
494
748
67
588
441
426
168
733
230
938
402
835
701
861
426
419
237
864
71
319
58
860
738
660
125
77
480
75
789
474
705
400
477
265
62
933
872
516
266
136
98
758
580
753
748
110
172
535
829
760
715
123
849
611
606
338
263
579
270
530
867
133
351
117
184
595
305
784
872
282
961
26
373
914
232
516
853
161
77
754
639
844
730
224
120
4
366
973
414
899
904
263
779
890
452
197
176
302
788
130
327
341
460
429
58
302
456
638
51
911
948
293
128
627
140
145
161
359
464
316
217
71
72
646
14
894
124
119
994
707
150
461
937
611
293
759
691
852
193
402
734
599
908
805
988
763
517
35
793
646
424
465
991
394
552
67
794
530
479
113
560
790
654
447
574
81
124
445
52
694
443
469
68
140
719
43
217
300
967
465
453
384
485
665
620
316
832
301
6
779
572
343
669
170
630
419
238
500
246
262
911
716
247
519
20
384
575
271
340
796
544
513
307
25
877
647
362
726
146
34
721
73
452
336
745
686
73
395
499
786
301
865
216
925
641
715
157
884
172
344
449
578
544
530
439
609
987
207
1
843
170
562
414
139
825
637
956
831
343
0
654
397
875
46
814
978
133
125
259
41
502
127
117
221
133
842
183
989
81
728
772
748
280
662
967
624
136
965
340
865
913
730
81
710
600
693
218
162
9
616
382
310
164
606
555
802
905
264
876
799
685
606
311
395
102
990
843
827
982
312
795
745
724
475
177
121
433
875
308
749
98
91
749
750
297
708
621
554
300
758
2
133
36
862
459
401
926
508
498
926
520
315
909
184
241
104
86
766
751
700
891
409
429
732
970
935
559
656
552
934
827
650
34
370
92
831
49
806
916
173
347
369
792
99
808
799
536
978
546
8
747
382
23
454
782
384
775
681
264
715
929
601
326
937
625
715
404
795
392
806
271
733
728
982
307
341
280
416
732
68
759
754
565
448
635
281
724
229
524
772
188
323
871
798
896
993
431
486
145
635
166
677
860
713
953
752
97
389
719
140
958
921
351
38
493
852
351
433
288
937
305
29
196
486
572
235
853
853
756
614
915
757
72
14
708
775
285
817
664
454
844
406
853
272
469
641
169
951
648
321
138
591
928
493
438
298
849
387
65
981
471
32
2
560
887
613
424
42
840
244
1
587
118
683
427
588
977
819
159
293
84
321
328
619
543
331
405
471
906
134
484
794
428
846
854
312
18
280
372
57
237
389
435
224
175
175
148
624
302
181
223
152
180
195
50
34
559
761
136
167
25
174
338
634
565
259
842
692
31
516
901
142
51
594
315
292
394
858
908
330
735
111
182
385
796
3
109
711
583
647
163
731
89
757
657
699
17
92
254
139
881
749
201
52
510
690
385
838
815
703
118
978
637
242
66
567
762
864
623
648
663
50
21
970
379
598
285
758
677
782
652
116
262
102
129
347
388
477
793
484
607
210
604
380
111
653
311
786
112
250
258
945
211
906
993
643
946
765
141
0
101
234
497
929
476
447
290
978
739
971
48
598
440
173
393
727
393
196
994
557
319
624
582
368
150
905
381
789
503
299
831
162
61
691
427
998
462
640
493
445
53
390
427
291
897
80
535
371
127
736
145
212
475
519
93
48
203
577
743
779
179
518
580
288
830
352
868
882
312
2
889
997
457
697
400
546
692
748
73
336
590
780
150
613
827
197
441
19
776
86
114
361
497
231
484
575
892
836
861
866
308
577
594
737
855
477
401
191
811
640
791
852
539
157
32
630
913
286
845
16
626
337
751
902
71
4
825
424
467
437
398
976
112
940
540
413
157
874
658
355
498
115
313
873
885
40
743
646
797
418
398
589
297
340
403
737
560
414
320
658
325
569
578
482
587
545
109
741
98
216
71
98
996
2
172
624
535
673
917
638
719
252
447
900
777
618
549
333
628
97
441
928
182
991
772
285
586
211
26
598
10
446
453
45
531
96
395
145
737
705
290
725
35
876
216
832
809
255
40
231
294
137
785
948
846
870
929
871
810
718
872
385
438
498
474
207
838
690
119
831
555
56
766
521
774
823
342
145
728
735
896
297
495
876
984
934
993
568
756
288
263
743
393
484
768
581
868
221
769
627
542
225
79
476
813
247
546
111
527
587
140
249
155
832
419
519
192
155
899
19
823
178
566
686
684
225
15
977
219
870
768
603
321
45
708
286
772
247
729
650
222
981
817
226
666
884
362
461
722
276
291
515
142
522
77
520
576
887
467
688
949
30
760
924
636
706
858
706
58
470
276
842
745
843
145
863
218
983
884
403
331
270
263
77
777
919
395
39
389
581
562
645
946
498
442
792
904
598
919
117
711
630
618
942
809
480
501
697
974
964
403
857
469
998
77
471
39
978
179
80
28
697
545
664
443
931
902
689
228
618
614
206
113
757
19
338
994
597
357
712
478
166
674
621
93
518
719
401
369
532
265
675
652
493
611
799
498
670
425
816
449
428
560
942
181
584
671
965
177
16
519
31
703
681
550
397
776
11
687
387
151
239
348
235
323
694
19
219
211
495
258
159
888
175
997
109
536
329
320
505
790
434
538
413
680
843
120
405
800
907
621
167
870
75
972
122
689
397
186
720
278
295
410
547
872
297
52
764
343
856
313
992
842
696
686
891
432
49
764
269
645
937
571
129
255
95
650
298
608
102
757
561
756
979
645
957
215
113
463
412
561
515
870
738
140
290
925
920
814
542
580
359
460
451
789
265
473
620
84
58
226
922
410
228
938
954
586
246
567
530
64
950
588
29
283
822
563
307
580
615
479
481
139
136
802
448
815
864
992
541
479
468
72
351
397
454
776
608
417
741
970
299
37
244
195
947
220
760
47
396
273
682
121
35
387
617
224
38
382
130
368
639
708
592
638
364
753
232
795
115
349
587
761
856
153
133
243
249
729
827
66
674
10
302
230
872
104
4
604
653
692
956
427
131
580
443
695
287
464
313
464
358
742
52
8
505
445
979
257
381
297
920
954
268
881
896
830
706
240
583
709
715
278
611
109
976
758
301
831
440
324
342
245
484
42
136
308
422
824
872
677
888
904
107
306
956
879
1000
262
526
66
866
993
546
963
423
587
385
879
2
125
348
958
658
39
210
833
689
347
220
142
975
801
653
871
584
668
897
517
450
846
176
20
215
629
250
715
654
540
603
8
925
74
498
294
728
254
713
890
554
455
841
73
794
76
490
769
40
213
874
942
272
138
188
203
866
458
570
583
555
452
876
861
562
603
559
968
245
250
403
481
174
355
49
994
753
389
119
67
138
172
151
331
611
13
365
853
994
661
735
715
786
674
660
672
948
323
251
59
262
24
472
199
705
305
351
385
132
302
102
833
500
653
958
108
966
250
592
622
331
729
730
251
792
870
925
568
811
99
753
207
233
752
3
802
436
185
777
604
868
484
844
86
708
950
487
449
18
132
166
476
186
361
317
71
137
895
795
142
691
887
406
199
530
424
305
454
548
782
931
309
287
6
913
321
474
944
534
842
969
925
753
635
767
371
736
463
800
789
289
135
582
296
401
360
320
207
964
475
540
482
664
123
862
841
95
352
627
844
671
127
648
169
748
624
772
145
614
450
437
931
96
621
81
893
104
214
113
159
553
528
103
561
507
119
42
831
234
44
120
147
101
352
689
356
811
417
894
727
105
985
747
517
637
484
61
169
134
201
162
557
644
274
262
6
939
803
101
761
466
512
331
844
607
609
652
598
561
489
856
645
176
292
932
298
793
266
640
134
472
613
451
727
849
56
163
587
810
846
483
338
957
424
744
755
50
21
253
332
996
80
351
50
514
560
862
659
639
891
842
713
117
412
989
889
859
947
522
457
38
108
458
323
200
405
729
673
823
739
376
946
263
956
266
76
115
332
35
74
680
304
865
1
352
884
399
326
626
448
969
319
964
455
824
731
857
437
712
685
449
822
644
590
460
932
438
725
784
809
375
493
393
280
235
721
457
85
709
112
813
286
97
616
830
644
436
964
76
937
41
194
930
75
196
74
293
891
73
488
364
565
807
301
935
510
157
258
702
957
412
4
216
619
67
441
212
599
193
49
910
432
196
739
855
200
558
182
35
834
349
315
908
695
43
772
996
105
280
842
974
642
590
806
950
631
525
737
966
898
202
330
40
822
398
26
152
938
423
729
311
805
363
103
401
636
420
506
711
767
747
440
475
310
584
763
414
334
199
422
469
904
715
666
138
956
512
836
259
21
449
605
528
477
65
825
134
500
414
43
624
337
812
367
226
566
224
775
952
635
285
674
607
237
278
328
89
60
884
310
627
832
392
147
633
922
158
488
33
425
883
308
171
295
830
124
861
890
787
100
311
894
981
706
762
183
586
767
973
373
836
298
785
629
965
395
703
314
98
506
691
277
676
362
740
500
54
581
239
622
151
531
906
487
136
767
964
202
749
351
827
155
491
117
550
910
984
464
727
100
515
746
820
755
23
227
444
774
730
255
470
399
351
927
168
660
707
610
958
629
710
636
89
809
677
142
302
490
686
388
43
202
732
110
649
388
144
532
652
932
948
906
514
806
702
430
707
290
22
887
382
5
326
144
745
641
30
263
963
389
110
190
191
458
218
8
892
328
414
13
497
623
342
495
41
490
587
365
485
670
760
809
391
240
858
574
402
824
430
773
764
937
914
504
456
356
767
498
715
870
540
903
271
587
942
714
282
952
105
687
829
363
725
466
430
142
42
436
98
323
327
345
16
691
489
349
593
1
615
573
719
350
979
96
621
24
197
666
578
770
542
609
334
621
463
658
226
800
384
64
80
391
349
520
120
734
767
430
380
326
914
661
869
303
477
239
479
501
953
596
343
405
201
346
697
809
1
11
662
858
78
751
913
308
18
612
920
645
963
910
601
683
589
46
60
647
201
882
430
648
592
211
681
214
536
56
678
33
539
652
319
517
571
604
750
127
437
669
207
440
604
31
472
907
660
207
195
121
547
290
314
292
558
818
200
586
633
156
80
511
475
830
937
532
14
309
358
411
207
434
14
450
281
622
271
287
371
278
930
224
867
482
176
356
301
665
374
606
856
561
349
920
543
984
391
900
502
335
236
766
90
55
750
468
629
961
156
259
967
693
917
478
73
596
589
567
801
628
623
913
207
44
637
50
643
732
363
426
871
403
656
387
454
647
533
277
703
62
620
476
596
826
833
632
981
391
834
837
255
146
699
826
160
347
494
852
29
381
622
591
439
364
843
444
710
814
592
366
521
468
873
941
408
477
53
727
556
771
109
163
416
48
384
839
179
495
589
636
459
238
152
390
871
989
812
226
991
637
534
400
116
829
59
222
234
815
49
476
502
350
146
714
818
774
328
117
136
62
61
741
723
873
183
141
137
841
759
766
295
617
106
690
115
209
966
213
351
474
359
636
400
559
700
866
639
706
769
329
469
60
164
580
762
69
380
683
263
282
476
530
464
3
635
216
113
803
696
273
992
691
508
647
495
161
974
41
481
371
218
193
884
431
652
202
416
301
315
959
758
107
228
710
594
273
67
604
788
288
192
265
668
718
311
481
574
794
970
483
628
403
414
948
698
25
756
332
208
937
480
6
266
823
841
292
295
406
325
197
53
389
716
179
954
472
186
97
165
520
325
252
784
475
990
117
513
280
636
405
202
845
138
117
268
494
331
783
95
466
111
803
415
895
954
994
851
948
249
960
279
387
409
323
917
428
175
983
776
721
23
412
761
12
389
958
818
3
694
717
825
549
614
721
795
427
949
957
231
687
971
211
141
672
655
31
632
268
888
476
329
45
844
272
428
705
989
447
454
92
838
507
547
251
534
911
984
321
148
863
679
211
938
240
971
853
160
496
683
964
449
405
482
224
176
576
805
268
891
166
697
30
393
884
144
319
402
813
513
512
326
761
464
186
354
437
809
320
811
938
543
245
83
772
595
277
654
552
337
338
583
7
130
185
897
40
158
40
562
777
49
343
553
523
278
866
746
567
863
379
769
12
56
782
554
798
326
151
733
207
132
242
194
344
33
362
251
112
278
581
324
508
143
531
226
536
202
919
621
673
323
898
44
182
380
861
834
394
805
908
658
123
463
645
786
832
591
113
303
104
968
692
237
695
400
244
922
843
127
383
966
713
764
580
608
296
590
385
655
432
204
774
97
569
663
602
433
925
209
241
967
466
398
420
210
940
432
52
944
462
662
82
597
766
373
617
590
591
717
229
865
682
854
122
442
932
403
529
860
305
133
407
383
69
871
224
377
417
158
43
834
260
469
846
244
392
559
206
753
516
927
535
405
191
57
328
687
665
11
295
423
309
766
738
770
482
377
654
979
539
791
338
99
568
909
289
535
904
538
825
403
298
183
918
107
130
574
593
443
210
982
846
451
917
204
543
627
193
654
519
349
352
672
424
352
61
463
850
980
550
141
175
641
613
758
487
277
671
922
877
18
828
473
150
695
988
611
67
145
841
273
577
92
5
788
400
353
489
111
935
566
260
918
95
641
39
35
176
715
61
302
854
475
68
471
63
369
845
323
703
183
557
392
673
243
33
678
968
426
694
872
556
123
467
479
402
722
717
375
957
251
146
504
186
231
69
787
551
241
235
781
855
647
822
334
752
953
731
168
731
365
930
115
214
801
418
788
109
850
952
622
488
242
910
771
491
869
825
993
413
136
902
215
145
676
527
327
784
641
572
646
801
996
636
981
993
960
708
271
956
938
578
274
188
647
812
693
474
181
958
947
440
797
308
897
849
715
479
504
748
787
715
196
677
711
18
915
46
39
58
20
616
822
840
603
930
826
546
285
651
906
513
679
587
548
247
885
679
72
145
232
919
936
493
187
388
278
330
665
795
917
450
198
155
747
395
113
462
575
965
553
774
472
991
206
982
403
458
462
439
892
830
417
52
777
770
871
222
373
573
150
681
697
336
384
843
106
698
552
261
922
383
539
139
451
563
620
937
896
674
315
296
259
321
34
136
918
380
640
904
275
715
282
462
93
778
625
829
339
179
844
460
369
32
625
476
320
564
733
937
809
150
304
131
653
625
47
132
713
314
552
326
522
245
416
42
549
392
251
52
991
672
368
651
71
21
561
871
209
868
242
705
430
961
832
790
436
86
936
922
886
643
977
189
109
809
242
680
908
848
999
183
944
102
351
55
17
692
409
684
896
311
538
98
324
469
22
99
972
651
185
688
381
382
471
173
950
705
811
211
914
431
943
969
259
580
780
487
183
161
275
257
880
199
47
778
471
339
870
54
833
922
545
384
282
897
297
581
588
490
208
201
636
24
509
705
878
88
392
854
845
897
199
502
59
406
885
583
134
653
868
612
887
225
563
284
119
141
898
415
124
906
179
526
152
353
323
251
929
225
859
82
20
554
918
763
539
998
661
93
821
915
469
581
160
539
70
678
729
194
133
234
655
861
759
33
277
606
500
268
232
369
528
857
567
510
417
625
386
302
376
625
588
526
634
725
13
495
670
884
517
175
97
738
785
481
563
278
210
440
583
8
288
859
420
921
855
75
482
93
475
938
221
53
708
918
39
339
508
857
927
180
652
751
93
933
348
239
587
709
175
24
717
869
760
618
637
902
343
943
712
38
251
642
923
64
316
593
272
842
66
925
986
706
406
359
840
346
635
280
480
412
466
351
290
457
744
585
502
333
888
426
830
378
491
141
709
43
556
278
733
549
634
347
377
306
59
780
98
609
808
250
338
331
517
899
192
460
208
612
973
410
73
755
570
197
790
175
333
238
101
367
478
563
991
805
318
605
376
965
398
646
209
461
606
37
487
153
171
677
365
540
341
989
440
329
159
638
623
736
107
971
619
353
535
515
338
650
676
197
262
872
109
453
614
444
820
227
847
233
299
77
617
602
90
538
992
128
490
650
770
768
438
202
79
929
242
295
49
418
920
970
979
915
795
87
980
689
978
287
0
915
504
156
784
127
42
219
604
897
256
607
834
160
570
44
442
916
708
148
156
423
545
361
146
665
503
879
791
531
780
533
717
811
680
846
20
502
568
630
997
722
159
537
66
257
390
451
663
254
327
429
791
223
871
444
406
35
446
526
167
3
589
269
524
37
486
466
221
640
572
966
670
252
232
846
850
821
381
776
34
865
827
152
23
920
568
361
171
451
119
828
503
805
813
139
632
291
387
491
688
338
295
46
699
113
486
107
590
477
573
971
882
167
241
981
72
327
730
713
336
778
706
482
201
883
553
259
989
461
899
280
917
126
117
403
226
997
517
330
1
537
581
985
215
423
565
57
889
732
463
247
839
239
870
110
290
503
934
583
585
633
501
536
952
608
158
973
953
325
622
436
854
36
374
34
181
878
540
657
481
493
995
521
79
704
657
345
196
783
324
672
891
23
808
938
802
645
299
222
42
460
603
236
94
96
998
982
125
208
611
757
402
880
381
667
433
315
422
707
241
926
672
474
851
13
99
614
855
23
404
912
709
7
520
630
814
828
541
148
877
134
174
892
862
207
541
735
502
176
995
201
142
636
78
933
183
856
188
967
284
314
138
647
260
748
869
124
82
619
716
223
617
474
871
820
33
842
849
863
920
605
335
200
366
807
250
31
815
451
271
879
643
282
458
112
17
224
596
764
756
277
115
45
688
961
911
346
694
865
208
523
538
650
870
39
400
204
515
889
247
827
891
125
852
375
712
141
868
247
90
330
233
752
735
379
152
903
406
457
845
376
656
437
926
175
669
754
69
244
255
182
766
565
557
578
721
387
844
432
609
794
38
603
704
146
768
119
422
896
738
615
166
241
126
40
63
161
862
435
54
726
77
809
434
895
279
970
741
24
769
416
891
877
584
230
303
226
774
494
655
841
520
19
143
501
109
677
423
760
414
521
25
40
865
531
149
968
569
244
602
96
104
433
409
2
652
357
932
776
246
27
946
241
556
785
218
682
889
472
690
467
545
856
742
255
386
199
233
767
752
231
106
339
396
488
442
423
333
295
633
981
767
283
44
661
631
863
503
945
337
677
449
33
34
77
513
656
822
280
639
655
307
412
349
827
339
672
39
315
4
593
201
753
183
941
2
388
649
201
514
913
238
93
249
206
1
267
804
109
908
920
417
225
150
253
66
826
962
150
673
589
340
399
852
856
30
404
277
981
269
778
855
60
641
258
215
33
804
691
45
433
263
32
996
716
351
652
43
17
809
50
820
334
790
155
841
674
746
584
159
273
667
486
10
458
242
162
170
157
384
812
963
436
811
591
555
232
57
503
280
602
445
461
807
548
578
704
793
375
658
796
567
453
361
245
731
598
867
656
973
365
849
841
699
192
539
159
915
306
469
299
257
67
345
722
785
451
51
581
80
83
95
913
711
670
541
563
82
941
151
681
530
451
971
833
855
465
401
719
720
701
795
857
903
956
811
123
371
881
936
310
472
914
45
380
953
130
272
866
391
621
315
999
848
981
355
307
147
828
117
869
596
253
69
779
242
290
444
321
399
75
66
137
765
858
257
430
97
825
886
646
500
102
487
483
423
205
961
183
32
182
306
244
729
336
227
485
368
407
844
651
817
208
369
654
404
42
437
881
919
848
361
578
427
346
356
547
383
599
832
276
236
310
532
874
272
381
172
335
768
721
276
295
285
678
67
895
123
557
704
652
866
630
134
110
2
105
363
659
503
361
450
442
911
868
903
239
298
397
580
369
575
632
40
29
856
191
31
927
134
421
475
504
989
676
254
655
103
380
103
320
950
175
30
611
92
0
634
670
579
246
19
645
657
573
231
486
206
203
696
874
112
686
88
593
766
301
281
460
781
540
303
229
353
452
143
392
904
220
422
623
782
916
476
520
487
22
53
30
383
813
337
260
447
246
692
119
3
199
236
385
737
780
488
348
385
974
95
753
862
450
997
976
473
707
606
201
311
349
745
310
525
294
447
309
663
589
533
141
310
685
953
152
951
802
399
977
932
1000
67
971
208
943
43
292
278
422
270
741
965
377
459
781
812
501
952
423
509
658
100
800
953
600
824
370
972
258
744
475
273
463
966
841
170
533
75
175
369
559
900
596
442
129
492
533
508
104
95
218
687
830
303
473
603
237
728
899
864
526
59
350
843
377
369
429
668
281
909
281
937
368
744
993
765
341
32
114
982
801
674
380
507
389
329
170
569
795
724
335
779
76
195
634
657
93
555
827
585
672
576
87
590
212
170
20
193
985
400
728
365
15
835
204
792
71
451
387
592
45
821
267
354
235
907
315
190
811
188
302
477
392
586
735
484
829
969
982
755
440
458
957
239
21
437
301
565
315
229
479
776
955
507
581
472
419
798
229
769
644
16
878
991
91
864
385
679
475
399
204
484
998
848
6
240
217
738
577
103
349
723
512
540
141
243
587
935
906
431
769
710
396
719
662
109
659
834
90
142
396
622
421
796
519
916
397
918
1
992
831
440
972
758
328
688
142
464
28
354
364
668
538
788
270
19
680
440
656
511
401
475
54
517
562
203
53
230
420
189
538
768
349
855
530
892
516
218
274
289
537
914
587
215
289
993
605
527
93
67
483
258
36
479
673
807
854
445
617
980
546
189
490
534
724
285
238
442
136
378
858
789
576
974
492
634
726
833
101
331
565
672
803
846
677
339
163
95
766
39
42
707
617
415
737
358
544
47
668
226
777
672
312
784
252
875
181
12
404
666
589
839
214
256
847
807
907
444
161
156
336
111
298
138
454
778
179
606
691
382
260
861
203
759
93
845
712
316
788
565
962
317
347
239
817
809
697
46
530
159
606
701
125
914
609
941
580
490
157
657
276
368
353
850
341
589
668
356
446
120
240
389
28
672
804
415
702
163
551
823
178
559
415
875
582
743
205
163
659
146
936
135
219
257
487
447
960
956
513
698
384
981
472
942
899
993
149
897
830
143
17
749
758
412
865
796
397
395
111
951
940
867
149
629
823
616
530
630
584
709
432
852
377
688
500
23
286
891
932
205
807
939
688
610
8
203
595
54
950
338
427
322
795
763
958
891
103
831
483
924
897
809
360
327
713
391
924
479
444
496
878
824
176
1
65
542
333
355
531
574
576
331
398
280
770
440
184
643
321
48
455
147
461
83
105
437
804
52
540
173
127
636
28
425
687
741
186
472
770
62
958
613
721
514
346
696
948
329
182
250
151
414
609
828
463
949
238
846
394
49
84
773
735
1000
273
695
748
688
635
188
217
662
390
336
56
114
148
260
501
977
35
83
840
37
821
978
933
173
474
480
653
19
816
809
795
76
236
350
344
266
142
164
245
290
505
67
79
8
675
113
552
208
999
222
687
619
52
244
420
274
619
177
665
28
196
958
884
534
449
203
45
873
245
427
188
197
848
803
395
129
889
474
507
490
737
855
368
844
788
576
96
40
175
82
825
715
672
625
516
388
55
805
850
734
542
234
58
420
467
382
254
985
101
129
534
226
23
598
329
478
93
54
327
35
345
560
51
967
663
548
86
461
290
753
757
966
9
318
320
652
923
848
524
796
607
581
7
13
198
829
743
665
741
245
154
684
30
239
157
219
324
173
535
791
250
443
214
369
836
574
724
604
128
750
884
355
621
863
371
934
932
961
625
32
686
836
265
691
47
91
485
557
869
396
542
912
421
796
727
86
783
121
181
660
970
773
426
13
624
677
131
391
47
508
127
442
172
972
948
827
835
553
492
930
569
699
61
984
310
133
719
538
204
222
106
998
163
527
245
444
417
378
124
391
101
282
831
846
355
147
888
786
172
599
690
566
63
105
482
930
975
658
919
265
516
283
71
805
179
69
145
141
427
124
98
136
253
51
662
277
487
774
619
595
360
332
498
362
499
791
187
443
616
471
689
384
305
603
609
240
64
545
696
356
376
338
719
711
634
431
408
759
323
486
328
820
12
221
864
699
422
193
54
699
802
161
813
582
802
245
876
23
668
221
365
570
155
306
161
625
395
83
157
572
662
847
821
275
521
946
429
536
96
316
761
692
776
564
908
199
696
405
986
105
900
626
616
18
964
176
550
282
188
825
641
12
191
366
510
783
502
673
78
373
694
913
11
847
900
614
332
226
435
376
241
575
974
600
829
557
129
573
108
147
924
590
848
997
864
711
921
706
391
531
28
177
831
95
20
658
645
407
245
300
408
353
375
504
10
103
189
349
381
260
35
815
829
20
127
340
413
319
589
393
428
800
575
976
795
744
611
307
202
226
987
983
593
15
454
913
618
584
127
563
437
81
861
188
869
32
963
489
768
438
972
399
684
802
673
146
608
678
932
236
933
810
717
736
116
874
801
68
132
764
677
344
638
676
567
714
255
221
507
284
942
831
584
854
824
80
980
12
857
444
780
641
262
922
985
616
453
874
407
318
70
937
713
930
342
885
919
618
620
194
778
392
677
744
326
86
636
567
71
185
444
597
364
442
381
175
644
606
732
718
470
769
650
321
951
3
256
604
866
25
370
36
1
911
503
186
830
950
201
258
430
29
299
531
698
80
814
765
929
907
748
255
64
368
215
867
106
412
748
56
168
960
171
147
780
243
79
776
309
161
866
490
642
873
668
144
481
877
423
552
979
856
893
573
622
711
114
597
288
720
750
731
365
1000
479
897
979
145
441
715
946
216
771
188
288
960
491
984
76
952
572
531
398
402
761
961
572
116
485
941
931
239
384
437
523
457
350
749
838
884
566
586
639
24
594
826
423
478
940
216
683
605
945
292
444
643
544
528
562
457
380
867
472
791
192
703
821
680
15
672
139
303
618
359
278
409
484
6
374
963
124
226
988
267
655
234
888
211
552
283
527
61
196
393
995
434
467
607
275
220
114
283
873
611
843
154
533
612
438
498
960
48
19
84
560
156
416
194
336
27
339
846
772
838
370
607
792
682
829
663
919
641
800
554
990
608
275
2
353
840
180
651
797
602
537
755
23
88
794
656
836
63
473
500
832
850
389
520
941
804
848
863
463
672
487
568
795
540
209
404
408
769
529
967
795
769
993
161
352
705
182
28
473
947
745
609
256
70
709
553
152
554
637
344
864
525
162
878
62
705
528
931
848
398
460
137
762
604
231
579
957
343
273
159
439
233
852
923
577
697
985
785
651
771
885
741
256
342
307
620
997
988
169
627
827
714
140
611
387
378
558
1
415
561
249
597
314
803
343
54
673
751
189
405
356
285
262
874
37
505
994
557
978
312
805
221
790
162
800
150
889
932
713
372
155
196
263
28
742
419
730
652
17
445
359
128
105
306
488
431
266
601
805
74
759
389
362
398
90
881
320
111
151
212
426
815
522
535
669
613
809
733
509
974
649
805
896
196
429
835
35
454
972
420
707
642
791
713
633
885
989
501
907
98
240
829
120
562
374
696
703
31
70
903
113
299
800
53
826
429
946
948
705
258
594
255
259
764
462
766
761
883
626
248
549
540
509
944
817
831
58
586
234
439
38
991
787
710
47
840
366
816
390
169
136
619
122
456
662
275
866
88
781
247
79
711
916
518
323
212
953
435
826
845
903
426
752
289
948
397
907
400
929
317
764
709
122
275
677
900
348
296
314
479
80
574
856
283
806
428
697
211
60
611
911
97
160
223
635
343
426
938
928
123
285
944
478
284
564
363
916
238
323
229
242
245
253
863
108
383
404
222
172
205
134
499
232
333
427
616
501
686
415
640
260
852
676
30
333
181
404
568
154
55
350
139
652
334
367
318
303
826
447
768
210
129
749
178
144
611
869
351
272
953
622
89
519
36
883
821
107
150
734
108
419
522
969
492
811
730
315
862
588
199
115
753
66
861
111
399
584
741
219
524
599
434
723
608
659
942
887
761
266
399
272
634
500
244
379
602
275
284
447
675
897
640
535
124
437
578
269
738
73
438
275
65
40
177
892
976
511
395
276
223
432
698
619
472
612
730
540
76
252
789
82
735
331
375
943
915
127
148
734
675
755
292
513
551
431
473
567
813
819
439
794
639
705
999
381
841
942
937
174
901
903
932
694
889
203
530
221
135
75
782
516
22
157
956
290
35
524
246
275
359
440
527
205
902
167
863
601
114
878
130
94
792
120
456
302
20
752
272
53
91
825
549
967
585
376
511
423
46
949
672
456
644
407
302
687
64
76
467
311
215
855
776
411
432
795
777
485
711
584
249
980
411
475
863
507
268
551
22
100
69
303
959
912
370
889
485
401
294
621
179
60
629
219
328
150
212
591
293
604
714
712
670
146
776
922
375
638
731
207
37
188
39
781
508
458
164
936
621
964
755
256
10
239
429
978
844
444
996
379
592
562
805
932
996
54
845
652
775
653
750
371
647
373
457
337
777
933
194
212
577
527
574
192
97
284
627
728
316
720
49
214
19
80
913
986
491
66
670
80
799
65
827
468
889
643
905
755
275
655
556
610
941
900
712
457
377
111
987
216
640
101
921
109
611
844
225
684
956
172
717
304
975
151
513
271
390
560
352
424
972
879
48
816
730
532
811
998
138
738
259
15
99
101
418
280
619
351
338
80
110
984
238
98
801
868
43
202
379
536
808
421
175
150
73
711
522
725
811
321
56
835
906
725
503
989
77
100
231
720
20
401
598
333
0
178
0
146
41
461
47
123
526
152
526
947
474
795
681
969
246
737
139
673
840
1
665
515
567
365
902
877
664
514
619
882
97
476
875
353
776
260
415
376
880
889
590
299
878
50
648
809
279
957
455
880
445
148
83
740
459
487
381
628
198
875
14
208
551
731
789
86
109
430
562
105
591
235
131
964
78
312
862
664
344
343
54
581
16
752
505
307
552
773
538
54
684
503
183
776
53
113
274
194
863
54
183
107
522
651
870
307
89
325
622
103
41
792
62
763
158
59
779
578
341
955
137
568
154
848
391
714
797
469
997
648
493
958
446
273
947
978
163
17
76
106
986
331
361
454
534
444
970
113
653
664
203
738
45
165
855
818
33
190
385
640
243
348
296
580
922
870
622
555
963
477
314
625
814
895
789
959
238
261
251
69
33
519
581
51
515
336
606
538
898
89
242
206
55
353
727
481
482
930
942
649
461
38
224
211
876
377
152
927
310
531
89
478
719
465
24
647
793
166
549
112
311
315
638
670
859
13
973
443
851
73
101
318
160
176
79
648
471
857
239
37
36
405
744
173
376
122
47
708
561
566
797
780
375
365
483
975
875
926
541
911
734
414
809
785
411
216
489
651
824
804
657
382
913
430
280
738
435
529
722
157
15
48
432
652
550
755
493
161
584
507
931
82
516
129
93
201
347
68
293
11
481
736
201
89
250
968
162
496
198
149
134
352
129
586
343
868
299
717
101
24
473
127
905
359
84
487
540
268
814
988
173
676
16
59
707
876
225
453
724
623
689
502
685
654
845
12
160
947
323
57
736
977
562
401
946
808
27
326
664
832
526
803
514
837
971
240
176
41
814
279
55
213
992
21
96
817
553
232
179
51
187
733
239
58
220
719
272
400
556
332
206
570
420
511
58
989
835
410
897
197
477
609
610
517
498
837
970
535
938
432
717
320
14
115
133
339
270
66
804
600
816
884
352
502
184
67
206
270
214
611
783
169
308
566
162
173
862
937
94
821
991
780
527
334
664
657
245
131
840
580
906
744
568
926
607
989
664
317
164
890
506
627
305
475
180
783
948
903
314
546
299
875
779
219
765
259
584
866
169
909
349
325
22
852
553
447
724
302
62
711
863
375
910
237
444
238
611
131
468
733
364
765
798
222
837
998
961
802
456
725
528
423
584
323
552
286
701
204
842
86
730
57
430
153
675
669
7
497
988
200
26
497
458
558
312
809
204
643
414
109
640
387
448
368
688
947
502
415
635
246
785
747
443
852
143
439
561
791
422
675
106
345
589
219
169
605
743
477
272
58
935
820
464
126
202
731
561
343
194
618
284
732
494
744
444
938
348
227
872
321
839
56
482
324
622
892
639
123
436
766
745
866
307
130
936
394
123
23
569
867
328
45
456
696
22
509
57
189
996
512
112
609
973
61
838
669
679
51
496
961
502
452
814
211
66
556
502
24
726
214
421
101
41
446
352
410
587
888
528
3
888
822
690
6
454
225
446
441
621
994
679
494
374
370
862
202
535
993
484
619
927
555
33
369
23
312
603
440
79
134
981
381
273
185
864
596
275
638
857
292
972
602
942
199
501
54
962
411
832
134
420
238
959
386
465
860
901
452
830
982
73
825
484
86
248
329
697
385
648
428
868
153
601
745
141
440
457
794
178
184
358
553
902
412
980
877
16
354
603
16
602
486
292
778
882
953
737
549
932
980
605
601
410
9
264
218
694
363
910
946
558
441
639
60
644
385
297
569
366
437
582
902
633
842
455
618
76
924
691
135
579
380
553
459
774
6
315
861
119
74
77
924
901
86
655
730
503
536
99
30
555
114
405
685
490
774
853
371
695
401
925
288
655
539
290
345
971
663
754
787
435
598
52
654
628
40
996
937
739
382
906
219
71
382
98
82
935
885
994
972
718
625
707
707
443
68
1
205
502
157
680
437
697
132
320
397
843
256
115
196
771
162
150
75
645
761
339
902
517
341
576
8
899
232
149
900
724
179
533
333
163
973
257
486
1000
782
595
615
230
84
111
346
427
633
619
838
34
851
699
772
216
113
347
68
137
101
21
416
366
821
181
692
150
468
455
971
840
482
841
189
626
547
838
79
492
454
382
774
728
799
958
631
641
760
413
997
938
728
574
913
111
889
61
929
849
362
843
281
11
580
314
515
426
179
405
531
149
151
758
48
103
716
472
136
271
273
350
393
576
226
453
278
929
463
407
504
969
388
480
298
644
334
626
652
578
870
255
183
747
323
49
919
670
810
726
474
241
393
239
46
767
64
517
729
20
233
110
341
378
312
283
605
139
654
196
149
232
353
236
672
878
788
463
447
592
327
768
378
640
40
470
844
47
590
447
590
655
857
697
717
638
274
288
444
627
436
674
476
732
453
118
983
734
174
362
636
57
462
211
444
343
958
878
275
351
170
200
662
971
274
368
140
516
780
857
473
800
460
452
119
740
393
556
795
836
784
71
304
241
977
458
431
759
261
830
93
203
121
471
277
387
952
184
715
479
991
42
465
760
334
162
283
530
91
759
429
703
414
467
10
380
298
921
842
582
812
89
802
974
96
451
796
252
574
162
136
757
193
909
717
189
766
554
170
46
277
645
62
191
216
929
824
37
13
657
778
85
529
725
7
568
889
186
210
679
318
243
397
205
181
574
1000
494
908
193
835
845
351
983
333
32
406
536
526
258
890
609
608
119
657
562
594
833
934
672
757
724
858
541
240
363
340
905
202
572
516
211
975
7
407
380
59
352
326
619
350
170
245
32
695
33
408
544
348
842
92
590
411
777
113
651
706
710
289
788
716
521
18
121
809
155
929
871
873
127
875
739
348
742
871
118
980
171
599
313
239
689
429
634
398
829
458
416
463
229
609
659
135
256
573
363
392
257
14
208
116
221
408
730
27
431
353
35
445
816
650
147
588
279
629
221
7
900
667
61
377
824
291
533
599
482
588
395
743
694
508
256
465
92
160
887
220
363
281
672
750
985
121
745
320
325
105
827
863
526
44
522
642
556
613
673
386
873
915
56
690
492
471
655
895
820
523
419
864
54
895
272
771
645
639
548
318
283
121
544
930
110
64
352
727
